[gd_scene load_steps=6 format=3 uid="uid://cvfp6yecwu62u"]

[ext_resource type="PackedScene" uid="uid://bdyd76ow7em23" path="res://car_model.tscn" id="1_po5jm"]

[sub_resource type="PhysicalSkyMaterial" id="PhysicalSkyMaterial_3fhvm"]
rayleigh_color = Color(0.101961, 0.415686, 0.921569, 1)
ground_color = Color(0.47451, 0.372549, 0.25098, 1)
energy_multiplier = 3.59

[sub_resource type="Sky" id="Sky_7cj71"]
sky_material = SubResource("PhysicalSkyMaterial_3fhvm")

[sub_resource type="Environment" id="Environment_hggus"]
background_mode = 2
background_color = Color(0, 0, 0.615686, 1)
sky = SubResource("Sky_7cj71")
ambient_light_energy = 0.0
tonemap_mode = 2

[sub_resource type="BoxMesh" id="BoxMesh_s3rbs"]
size = Vector3(5, 5, 5)

[node name="3d_scene" type="Node3D"]

[node name="DirectionalLight3D" type="DirectionalLight3D" parent="."]
transform = Transform3D(0.928122, 0.300308, -0.220009, 0, 0.590986, 0.806682, 0.372275, -0.7487, 0.548507, 0, 10, 0)
light_energy = 0.695

[node name="WorldEnvironment" type="WorldEnvironment" parent="."]
environment = SubResource("Environment_hggus")

[node name="car_model" parent="." instance=ExtResource("1_po5jm")]
transform = Transform3D(1, 0, 0, 0, 1, 0, 0, 0, 1, -19.3947, 0, -23.6297)

[node name="car_cam" type="Camera3D" parent="car_model"]
transform = Transform3D(-1, -8.22721e-09, -8.70348e-08, 0, 0.995562, -0.0941083, 8.74228e-08, -0.0941083, -0.995562, 1.175, 2.762, -0.45)
current = true
fov = 76.5

[node name="Camera3D" type="Camera3D" parent="."]
transform = Transform3D(-3.13819e-09, 0.0717934, -0.99742, -4.35986e-08, 0.99742, 0.0717934, 1, 4.37114e-08, -2.10203e-15, -63.8346, 10.0844, 0)

[node name="MeshInstance3D" type="MeshInstance3D" parent="."]
transform = Transform3D(1, 0, 0, 0, 1, 0, 0, 0, 1, -1.87758, 2.52778, 0)
mesh = SubResource("BoxMesh_s3rbs")

[node name="MeshInstance3D2" type="MeshInstance3D" parent="."]
transform = Transform3D(1, 0, 0, 0, 1, 0, 0, 0, 1, -1.87758, 7.45081, -1.13588)
mesh = SubResource("BoxMesh_s3rbs")

[node name="MeshInstance3D3" type="MeshInstance3D" parent="."]
transform = Transform3D(1, 0, 0, 0, 1, 0, 0, 0, 1, -18.7657, 2.3223, -1.13588)
mesh = SubResource("BoxMesh_s3rbs")

[node name="MeshInstance3D4" type="MeshInstance3D" parent="."]
transform = Transform3D(1, 0, 0, 0, 0.909338, 0.416059, 0, -0.416059, 0.909338, -18.7657, 7.38778, -1.13588)
mesh = SubResource("BoxMesh_s3rbs")

[node name="MeshInstance3D5" type="MeshInstance3D" parent="."]
transform = Transform3D(-0.0610311, -0.907643, -0.415283, 0.998136, -0.0554979, -0.0253925, 0, -0.416059, 0.909338, -11.277, 2.4511, 45.0889)
mesh = SubResource("BoxMesh_s3rbs")

[node name="MeshInstance3D6" type="MeshInstance3D" parent="."]
transform = Transform3D(-0.0335253, -0.846246, 0.531736, 0.998136, -0.0554979, -0.0253925, 0.0509985, 0.529893, 0.846529, -18.7804, 2.4511, 45.0889)
mesh = SubResource("BoxMesh_s3rbs")

[node name="MeshInstance3D7" type="MeshInstance3D" parent="."]
transform = Transform3D(-0.0335253, -0.846246, 0.531736, 0.998136, -0.0554979, -0.0253925, 0.0509985, 0.529893, 0.846529, -14.5145, 7.40748, 45.4157)
mesh = SubResource("BoxMesh_s3rbs")
